fflsTonchs.

Aglanri 0661111111 filiae fanum 611166 dea 3, 8.

8, 53. 611166 1, 131.
6116111661ιὶ 61111114, 164. 61ο116666 pagus 5, 63.
Agora 61111. 1, 53 af. 23 et 26. 61116111 prope Thermopylas 1,
Agrianas 111164, 96. 116 66 229.
Agrianes pop. 5, 16. Alpheus Lae. 1, 221.
Agrigentini 1, 166 66 116. 611111 fluv. 4, 49.
611616611161111611, 1. 6111616166116166211111611666

. 6111611116. 1, 11366191.

Aiax Telamoni· fil. 6, 66. 8, 66. 61166661 1, 16 - 26, 16. 111. 96.

8, 6466121. 61116111 Ρ6116111111 dux 4, 161,
armantu- 61. 661611. 261, 263.
Alabanda 111111 Phrygn'aa 6136. 61116111 rex 1,11. 2164, 161,
6161666111 Caria 1, 196. 112, 181. 6, 1, 10, 40, 41.
616116061116661111111,16666166. 611166111661111611111116, 16411111.
6161611113, 94. 1, 19. 6116161614, 116 - 111.
6161116616666111111 rex 4, 164. Amant-nider 9, 21.
Alazones scythae 4, 11 66 62. 1 Ambracia vid. 6111111.
6166661116161111161. 1,1. 6111616111 Xerxis uxor 1, 61 66
61666111 poeta 6, 96. 114. 9, 16666111.
Alcamenes Spart. 1, 264. 66161661616616, 121.
61116661 61111111 1, 82. 6111111161 6611. 8, 84 66 96.
6166661 16166116 8, 89. 6111166161 1616111611, 166.
6161616116161111166 1166 8, 11. 6111161111 232 6642. 3, 26.4,181.
6161661 Spart. 6, 61. Ammoni· oraculum 1, 46. 2, 32
alcimachus 1116611611111 6,161. 6666.
6161111111, Mentori· 116611. 1. 611611111161661111166.9,66,11,86-
Alcmaeon 61611661 1166. 1, 69. amorgen Parra 6, 121.
6161166611116166111 1661611161, 611116 111111 6, 26.
11111111111111 6111, aa ssssffiik'fflfss‘i.⁷2ffl.²zma
61116161 11611116 mter 1, 11 11111111311111111Ὰ

66 146. Amphiarater Sanina 8, 69.
Aleon 1661611616121. Amphictyones 2, 186. 6, 82. -1,
6166 Minerva 1, 66. 9, 16. 266, 213, 228.
aleae 11111111 1, 94. 2, 122. 61161661611166111 111111, 266.
6161111 611111111696. 6111161661οηί611 616111 tem·
6161161116 1, 6 66 112 66. 9, 68. plum 1, 266.
arannem. 611111116611111611111111616161.3,
Alexander 16666116 6, 19 - 22. 91. 1, 91.
· 1, 113. 8, 186 - 146. 9, 44. 6111661661 mennaha·

 

Alexander Primi 111. 1, 8. 2, &unwanum Wmssm ’Ἦ

111-111. m, Ι ³

 

