³88 INDEX

1111119999019901991197, 111. 111199 7111110190.
71191191,10.0,40,9,100.119-111999191190,115.
11991191,59,00,107, 155. 91· 9719191919995Α7.
1191194, 07. 1991199000. 0119111190, 11497. 97. ,
01999991597, 109. 0919191199 1491191.
01999910119 05. 0919911199991111111199591.
Dictynna 0, 59. 11919999110119. 7, 114 91 117
(1191]9911119114, 101. 091199199Τ999919 0,10.
Didymi· 911991911019. 1191991191111 7199.- 1917, 104.
Dionem 8111117, 110. echidna 9919111199 4, 0. 991
* 01919911111.99199;91911191· 1999019119190109. “

1911 1191991100 97 0,0,14.09119911991911,10.
7111151 1119119 1991911, 99. 99111199 mum 111 Libyam!
Βί999919109199119.7,145.9911991999191717.07. 0,]
019990199191191110 009911119999511,11,.11
1119911191111199999119190,119117.7, 119 91 1140, 75.
11199999111919911919911110, 04. Eetion 0919919997. 5,91;
1)19999111,409150.0,117.11999191115,49.
111119999199905. 0191191111, 7, 1591110. 0, 117
01119991911111199111, 117. Elam, 1119919111 0140. 7,
111191991911191911119191111,10. 9100. 011091110.
1111191999.7,11. ’ 11191999119000.
0959191799911995, 19. 7, 110. 11119 1119. 1, 140.
ὓ91791111, 40. 05155, 57. 0, 90. 9199119100, 115.
11919901 ’1119999 9, 04 9105. 111999199011119191995, 40.,
11919999999Λ, 10191 105. 919 91991994, 191.
neren, 01050141, 144,,140 Elep 1191111119 91191019,
171..,..,..,1190,595700,5079091 ...9917501010Ι .
01, 40, 70. 7919119111, 1011707440.οΛ
1191199199995,97.1)911999 111- 005. 9, 57 91 101. .-.
111195, 00. 11119, 01111109 4, 0991190
091991199111191991911 117. 9709, 77.
111111001111. 15111031...
1191199995,οδ 7, 15, 50, 195. 1111919911 §aym-01, 195. w
7191991191199197. 1, 50. 0119191999 1111111915 91. 0 41
1191991111 199. 9997, 190 0119111199. 1,190. 5, 9.
1191119 791997 71. 0111911917, 101,.,105 ..199
11199191 Ρ919191, 115. 11919119 fluv 71119.
Drymus opp 000. 11999991019979910107.
1111911191, 59. 0, 01. nrm 99 09119911οὰ17, 114.
0149. 0, 70. 7991911199.7,105.

Dyma 91511145. 09991199 1919 1. 150. 0, 97

111119997991199981079919009. 10. 91999199999991.

Ι

 

