282 INDEX

Babylonicum talentum 0, 00. 01111111111110, 15511158.
Babylonii poli et gnomonis in· 01111 0110111101. Ntutpnss.
1111111111 1, 100. eorum 111111 011111111111111 0, 100.

11 instituta 1, 101 uqq. 1111111 01111 prophetae 1, 111.

cnm Croeso 1, 1101111111 11111 Bina 111111110111111110, 01.
cyro 1, 100. rebellio 111101- 0111 1111111111 1, 11 11 110.
111 0, 150. 01111111 Abydenus 0, 10.
Bacchus 011111 1,10,41,40, 141, 0111111111111111 0, 110.

150. 0, 01. Ι0111111 0, 8. Bacchi 0111111111, 115.

oraculum 1,111. 1111111101 Bisanthe 1111111, 101.
Bacchanalia 1, 10 11 100. 01111111 Thracen 1, 110.
bacchantium vox 0, 05. Bistonia 111111, 100.

Bacchica et Orphica 111111111 Bithyni 1,10.1,15.

eadem Aegyptiaci· et Pytha· Biton 1, 01.

gouiciu 1, 01. Boebeia paine 1, 110.
Bacchiadae 0, 01. οο111112, 10. 5, 51.
01111010, 11, 00. 0, 10. Boeoti 5, 111111. 1, 201. 001
Bactra 1111110, 00, 113. 0, 00. ·

0111111 0, 01. 4,101. 11110150. Boeoticae 10βᾶ111 1, 105.
Bactriani 0, 01. Bo 11 l’euaa 1, 101 ct 110.
0111111 1, 04 et 00. 0111111111 N ili 11111111 1, 11.
0111111 Hyctanis f. 1, 11. 1111111111 loci 1111111111. 1011.
01111111. Barea l'aaaagadea 1,, norea· 0111111111111 10111111,
Baccho 1111111111 hane. 11111- boryaa 4, 101.

(11111111. 1, 00. 011μ111111110111.1,10,45,11,50.
0111111111 Artabani i. 1, 10. Borysthenen 111111 1, 18.

’ 01111 111110, 01. 4, 10011100. Borysthenitae 4, 10, 00, 11.
Barce 1111114, 101. bovoni, 001111. 1, 10, 01, 121,
011111111001101001101-101. 101, 100.

011111100111111. 01111111011111111111, 11, 10,
1111111111 Aegypt. 1, 00. 100. Τ111111114,00, 05, 00
0111111111111 0, 101. 0111111111, 110 et 111.
1111111114, 101. 0111111111, 105. 0, 111. “
Batrachomyonaehia 0. 11. 01111111111,10,01, 151. 1150.
0111111111101. 5, 00.

11111111 Libyca 111 1, 155. 01111111, 11110, 100·
01111114,150,155,150. 1111111111 regio 1, 100.

0111111 11. 4, 150. Brige· 111111111011ηῃιῌι

0111111 111. 1, 101. ι 01111311 fluv. 1, 10.

heutua 1111 obitum 111111 1, 01 011111ιὶ111 1111111, 80.

111100. 0111101101. 1, 11.
beatorum 111111 0, 15. 0110101110111, 111.
bacon Phrygibus pauiu 2, 1. bububi'unbihuabtm.

 

