64 INDEX

61616666 auree 1, 31 6131. 616- 166611666 11611666666666816 6,
16661666 5, 119. 161.
116166 166. 4, 161 - 163, 166, Proxinue Troezenius 1, 186.
169. pretium 6661161 duee 6616666,
11166ιί66166 61666 2, 6, 18. 6, 19.
11161666166 Leonidae f. 6, 16. Prexeepee 3, 36, 33, 34, 63, 66,
1116166166 616669, 119. 14. 61166119.
116666 6611661, 168. 16166166 1, 4. 3, 13111, ie
Poecilen 166666 4, 141. Priene urhe 1, 16143, 161. 6, 8. 5
Poeni 6. 06611666. 1616616666 Leo. 6, 41.
16 66 666166 8, 43. 1666166 1611666166 3, 666163.
Pohiedeeheo. 9, 63. 1666166 Euryethenie freter 4,
Polichnitee Creten 1, 116. 141. 6, 61 6162. 3, 131.
66166 3, 169. Proconneeue 166. 4, 14. 6, 33.
161666 661166666616 8, 31. 166666666166 Arietem 4, 13.
1616666 Adrasti 6666 6, 61. Prometheus 4, 46.
1616666166 Seniue 3, 39, 41, 54, Propontis 4, 85.

126 666. Proserpina 8, 66.

161666111 duo 1166166166 6, 66. 1666661116166.3,4161 166.

6, 93 6193. 166166116661,83.11,116. ,
Polydecten Leo. rex 8, 131. 1661666 Aegyptius 3113-116.
Polydorus Leo. rex 1, 364. 1661611666 866116 1, 163.
Polydorus Laii 6666 6, 68. 66616666 666666666666 6, 11. 2
Polymneetue Therreue 4, 166 prytaneum 1, 116. 613111, 1111.

61 156. 16616616 Lae. rex 8, 131.
Polynicen 4, 141. 6, 63. 3, 31. Peemmenitue 3, 16, 13, 16.
ponte iunotueBoeporur 4, 83 61 166666ιὶ6 3, 166.

31. Euphraten 1, 136. 1161- Primmitiehue 1,166. 3, 261
1666661661,36.161664,86-91. 161 repeliunt, 1.

666116 ermentei, 36. 9, 116 166111 666. 4, 113.

61131. 166116166166. 6166136.
ponticum erhor 4, 33. 116616 opp. 1, 16.

166616 61666166 fluv. 4, 48. 116661 8, 136.
6661666 16616 5, 63. pudende circumcidunt Aegyptii
Porthmee Cimmerio 4, 13 61 61116663, 36,31, 164.

46. puerorum 6666666 1, 136.
Posideum 666. 3, 91. 6666666ιὶ66 4, 161.
166111661611 1, 161. Ρ6166 v. Thermop.

1661166166 Leo. 9, 11 61 86. 16166661 1, 313 eq.
16111666 urhe 1, 133. 8, 136 ·- 16111 1, 141. 6, 66.
139. 16166 Elidit opp. 9, 34. 1
praesepe Mordouii 6, 16. 1, its.
Praesti Creten 1, 11661111. 6116611618 ’1. hs ms 83116
Prasia. 16666 5, 16. 1¹28, 1¹³4, ms m·

 

