286 INDEX

1111111 111111111111111, 65. 01111111, 67. 0111111111
Lacedaemonii 1, 82. Peme 6, 124. 8, 116. 01111118117,
19. 181111111111111 11111111- 0181181111 5, 8 116. 7,
1111117, 2681126911. 8, 8. 4, 011111111111 1, 67.
17611191. 01811, 0111111111 1, 1784,

0111111111 11111 7, 128. 7, 169 - 171.

0111111111 fluv. 7, 166. 111111112, 76.

conchylia in montibus 2, 12. 0111111111 1111111111117, 11

111111111111 templi· 1, 166. 2, 01111111 campus 8, 82.

64. in publico 1, 268. 8,161. 11111111111111111111111111111
promiscuus l, 216. 4, 164, 172, 111 1, 171.
176, 186. 01111111 ο p. 7, 26

condire 1111111112,86-96.8,24. 01111111 1111111 m·

01111111 01111116, 68. 1118111. 1 - 5.

01111111111 fluv. 4, 96. cathon 1111118111 p. Π. 1.

011111111118, 185. 0111811111 cyrenensi· 2,

corcyra, Corcyraei 8, 42, 18, Τ111118811 8, 127.

49, 18. 7, 168. 01111 1181111111 6, 6611788

01181111 opp. 6, 166. Crobyzi Τ1111881 4, 46.

Corinthun, corinthii 1, mo, crocodili 2, 68 -76 11 111
11. 2, 161. 8, 48-58. 4, 162. 1111162.

6, 76, 81, 82. 6, 89. 7, 262. 8, 0111111 1, 7111. 8,14,81
111, 111. 11111111111111.

0118111111 0111111111 1, 1111. 0111111111112, 28.

Coronaei 6, 76. 0111111118111 7, 128.

0811111 1,166. 0111111117, 116. 011111, Crotoniatae 8,181,

Corycium 1111111118, 86. 187. 5, 44, 8, 47.

0111111111 11611118117, 214. 11161121461111111111,

01111 11118, 6. 111111 1, 178. , -

011, 011 1, 144. 7, 164. culices 2, 66.

01111Δ11111.4,45. 11111111111111111111111114,

011111111211118, 126. 011111111111111, 117.

Omni Δ1111111811111 8, 44, 0111111111, 0111111116, 118.

11111111 111111 1111119, 88. 011111111111161111111.
mni! pro 1111111111681111· curru: bellici 5,118. emm
11114, 28.· ’111 11 xerxi. 11111111 1,

entem 1 011111 1111111111 1, 8115.

81. 1Ρ11111114, 81. 18111111 1111111111, 86.

’1, 152. 11111114, 61. Cyamo· 1, 11, 78, 168, 164

0111111 fluv'. l, 146. 6, 46. 011· 01111111 5, 162.
1111111111111. 0111111111111111117,13,

01111111 11111117, 166. 1111- 01111111111. 1186.
gina. 7, 165, 01111 ι mimum 1,ἱ
0111111 opp. 1, 11 et 111. 6111 nmmum

 

