fflsromcvs. 185

81111118111111115,191.1,98.8,11. 0111111 portae 8, 155 11 158.
coenonema, 8111101111111 8, Cithaeron 9, 19 1189.

8911111. 8, 119. 9, 118. elavos Cypri 1111111011.5,198.
Chersonesus 11111111, 99. 111 811111111111, 16,51, 112. 2,
1111111111111,11.1111111.
8111111111111118. 01111111Ρ11111111111 9, 85.
8111111111 1,59.8,85.’1,295. 01111118111111111.1.2.
11111111, ο11111,11,111,1611 81111111911111111111885.
118. 8, 15, 18, 28, 81. 8182. 018188118881181011, 15181155.
11111111 1111111. 1,188. 5191152 0111111811111111, 81.

¹ choenix 1111111118, 51. 1, 181. 81111111111111111. 8,52.1, 291.
· 8101111101111. 6.,191. 8191.
011111111111151181111111568. 81118111111181.5,11.8,11.
. 1111111111 1111111111 1, 110. 9, 19.

81111111ὶί11 111 ..,.9,9811111168 (1111111111 111. 1118118. 5,
11111 1111111111 5, 88. tragici 11,19, 81,11), 16, 82.

5, 81. contum adolescentium 0111111111.1,22

8,.21 8111111811.8,11.

8111111111 Argivo· Ι, 82. 81111111111111. 5,86,89, 19,18.
· (11111111 Τ1111111111111, 118. 8, 181.

1111 2, 91. 81111111181111111188111128
8111111111, 59, 188, 119. (1111111119. 88.
01111111,281112.8,98.5,19 (11118111, 811111111111111112,
8152.1,91.8,11. 118. 8,188.1,181.
81111111,111111198111.0111111111111111818
9,191.8151111111111.11118,68

81111 8111111111. 1, 91. 8111111111, 111. 5, 8511189, 91.
·“ 8111111111119.1119111118198.
8111111111, 12. comm. 8, 8111181118281111111111815.
15,18.1, 1, 11, 12. 1111111111 Τ1111111116,11.
cinnomo 9111111111, 1828, 9111111111111111111, 91. 5,11,
18811111811111811111181, 12 81, 88.

1115. 11111111, 12. 0011189811811118152.
81111111111111111118585859, 911111881111111,1111.

195. 81111111,81111111,1111,111.
81811111111111111.8,198.,1191. 8, 91.“ 1, 81 1119 1,.19 lignum
ι 8111111Τ1111111115, 88. (1111111112, 165.
8111811188111. “ 8111111 11118 98.

8111118111111112. Colophon, Colophonio 1,11,
(1111111111111, 198. 112, 1111111111.

” 81111111.5,111.811οι’111 111111, 59.
111111111115258 et 191. 1111112188,118,.155.1“1’11”11
911111111115,9911528,1191111111111 111111,188 W*
coum, 91. 1, 51, 88, 219. 255.

 

