111 1111111 ”

811111Ξ10111ἃ1, 194. 8, 94. 1, 8111111111111111111 Nili 9,
8111 ,1, 9. 1. ,
81111111 Achaemenides 1, 18. 8111111111 Cu· 1, 98.

811111 pop. 1, 11911 111. 8111111111 pop. 818.
satrapiae Persarum 1, 199. 8, Selybria opp. 8, 88.

89 111. 111111 genitale nigrum 8, 191.
8111111111 pop. 8, 91. 81111111111 1, 181.
811111181111111, 18. 1111111 11 Τ1111111111111, 118.
8111111111 1, 91, 18, 119 sqq„ 81111111. 8, 11.

111. Sepia 1111 1, 188, 188188.
8111118, 89. 191, 198.

8111111111 fluv. 8, 88. 1, 49. 11111111 Aegyptiorum 1188-
81111111111111111 Lesbius 1, 811111111, 9881118111119·

188. 1111111 1, 88. 11118111111119,
81111111118,48. 148. 11111111111 1,181. 811·
1111111111 11111111 2, 811 8. 11111111 4, 191.
81111111111.1,119,189,188.8,1. 1111111111 rogum 111. 8, 88.
8111111111.8,91. Scytharum 4,71·qq. 'stn-
811111 opp, 1, 198. cum 8, 8.

81111111111 8, 11. 81181111 111119, 8. 8, 8.
81111191111111111111111 8189. 8111111ἰί 8, 18 1118.
811111111.9,19. 81111111111, 199. -
8111111111 9, 91. 1111111 11111 1111118, 41. 111·
8111111 Scythae 1, 8. 11111111111 9,18 1118. 8, 191

811111111918. 11189. 11111119,184, 189.
8111111118, 191. 111111111111.
8111111181111111, 199 11 198. §auhsum 1111111111. 1, 81.
scripturn duplex Aegyptiorum 1111181111111118, 88. 811181-

9,81. 1111111111111111111111 11114, 9, 8,19. nervom 111·

(111111111111111118,88-81. lum 9, 118.

111111111111111118,88.1,989. 11111111 1,198.

8111111 opp. 1, 81. 8111111111 9, 199111.
811111 8111111, 18-89. 811111 opp. 1118. 1,88. 8,114. 1
8111101111111111411. 1111- 811111 rex 9, 111. =

111118, 88. Sicania 1, 119.
8111111111111111 8, 8. 81111111111 1, 98.
8111111Ρ11111111,188. 81111111Τ11111111111111111118.
8111111111 Τ111ι111 4, 98. 18 11 119.
8111111111111111.1, 19. Sicyon, 8111111118, 81 1188. 9.
Scythae, 81111111 1, 18, 81, 198. 99. 9, 98.

9, 198. 11111111. 1181. 1, 81. 811119,118. 8,188. siaonia
811111101111, 188. Ζ11111111 111111,99, 199, 198.

8981191. v 8111111111.8,881188. pro·

ϋ81811111111111111111119, 188. mont. 4, 88.

 

