5555551555. 197

1 Ρ55555 1, 125. Melampygus lapis 1, 215

ges Libyn 1,11. 19515551515551555.4,29,192,191.
getae l, 291, 212-215. Melanippus 451551 1. 5, 51.

51 112 Melampus Ithugenisf H. l.

ι1 55551551, 189 51 292. 111515511555 4115 5, 91. .
1,12. 3,94. 549 5152 Melanthuscodrip. l, 141. 5,.55

115155 fluv. Thessaliam, 199.
15555154, 75. 1115515555-Τ15555155Ἰ, 55.
891159911114, 52 Ponti 115155 555555 41.
1115155 fluv H. 8.
155 ears, 118. 115155 8551555551 84.
5 11514, 191. Μ5155155555 Homerus H. 5 555.
5511155155 1, 155 51151. Meliboea 55551, 188.
55 4155511 555155 5, 51. 1115111 8, 45 5148.
5555 urbs 1, 122. 15511555 Periandri uxot 8, 59.
1, 2. 7, 52. 5, 92.
,111551 1, 12 555, 95 555, 1115551115555 cadmi 555155 1,
,80 4, 815149. 5, 112.7, 147.
210. Mr 5151, 91. 1155555155585154. 1, 151
4555551112, 84. 8, 151 1115555155 5515528 19, 99.
55. medicamenta 1155555 51555551555551115555555
5812511581.
5554155551,192. 1115515 opp 1,128. .
5155 Ρ5555 5, 82. 1155155 Pan 55455551. 2, 42
5555 Ρ5555 1, 91. 5148.
5555145558, 155181. 4. 1155155155 Nili 5511555 2, 11.
1144. 5, 1, 18, 14. 51155 » 1115515515 555515515552,42,45,
5 1, 82. 155. 1115515511 2, 42 51 45.
1554115551. 1, 52-54. 1155515552119.
..115,121555.1115,181. 115551515555511554, 159.
reon 41555151 125. 115555455551. 245199.
55155Ρ55551105.11555515555411511.25
55551, 52. 11155155 Luc. 5, 11.
ι, Megarica 15555, Megu- 555555 55115 8, 18 51 23.
5 1, 59. 9, 145121. 5555151515555155151,82. 2, 4.
5555581511. ’1, 155. 1155155115. 1. 25.
1555Ρ55551,12.1115515511155555511. Ι125.
5515555555ιῖ, 219, 221, Μ551515545551551, 98.
Mercurius 2, 51 51 188. apud
5515551, 198. 5555551551, Τ15555555, 1.
ι51115 magua 55515 apud meretrices 115555511555 ’1.445·
51554194. 5515115515.
55545111555151. 2,49. 11555555551, ’15114
111555555552,29-

 

