284 INDEX

0111666 1111116161 1, 146. 01- 06616118, 44.
1161166111 ⁵, 88. 061161161111 1, 26.
01111 l, 142 6, 25. 061611 81111. 6, 46.
011116 opp. 1, 42. 061116 pop. 2, 88. 4, 49.

011111111111111, 111. 5, 66. 0611111111116, &mlv 16661 l,
011161 1, 206. 6, 16. 1⁵1.

Carpathus 111. 8, 45. 0611 111., 0614, 66. 11162. 8, Ι,
011111 fluv. 4, 49. 46, 16.

011111111161161 1, 1662, 82 8, cephallaniam, 28.

116119. 4, 191. 1, 165 61161. 06116161Ρ611161, 61.
011111168, 19. Cepheus 16611 f. Δ11111116111
carystus, Carystii 4, 88. 6, 99. p. 1, 61 61 116.

8,11261121.9,165. 061111111111.1,118.8,66. ·
0116111186111611 6, 18. 061111611111111,114. ’
611118, 116. Coronarum 11612, 15, 16, 91.
011111 116112, 661158. 8, 5. 0116116111611611 Η. 24.
01111611 opp. 1, 155. Cercopum 16611 1, 216.
0161111116 1111 8, 162. 4, 44. 06161 1161111161. Amphictyo-
011μί18, 9261911616186. 1161, 266. 81611111116861,
01111111111161,26261268.4,46. 91,101. 11112, 81122, m
01111161160111 uxor 2,1. 8, 2. 1111614, 58. ’16111611161168
066111611666111. 8, 115. 111. 6, 16. 0616111 ethm-
0111111111 fons 8, 89. 11111 1111611118, 15.
0111111611 . ,18811188 6611111811161111114, 196.
016161 61 Ροῖΐιιι 2, 48. 6, 121 Chalcedonii 4, 114-6, 26466·
111161614, 169. 0111611161161 6, 14, 11, 694
011111 1611111 6101111111 11 21. 6, 28.
’ Aegypto 61112, 164. chalcidicum 161111,186.8,121.
011111 Tyriorum 11 Aegypto 011111161ι161.1,68. 1116116161

1,112. l, 1811 166.

0111111112, 11. 011161111 opp. 1, 128.
0111111111611111.1,26. 0101161161. 1, 28. 7, 76.
0111111 86111164, 6. 11111616116661111286.
01118116616, 6616116τῆ1 Εὖ· 01116616 opp. 8, 88.

eolus 8, 18. 01111118111111 statuali&
0111111 0111 portu· 5, 88. 0111116111 81111118, 148.
01161111 11611 1,164, 268, 264. 0161111111 116. rex 8, 111.

8, 61. 4, 12. 0111611116 1111161111 5, 98.
0111661611, 141. 4, 148. 01611116 111. 2, 156.

Caunus, Caunii 1, 112 61116. 01111116662, 91.

5, 168. 0161111111 regio 2, 188.
0116111111 fluv. 5, 166. 0111111112124.
0111161111 Ρ11111161111118. 01611111161211 ΜΔ.

,σθῧῐθῖοωπῑ origo 11. 26. mumdum&

 

