 

 

239 INDEX

Aristocyp 2113211215, 119. Artanes 122. M&-

Aristodemus Eurysthenis 21 52122522211122111221125, ·‹
122211242122222112 sosqq 22, 222, 222. slot
Aristodemus 52111121, 229 21 521225222152122521212111. 1

231. 9. 11. 9421115.1,152114.
4212122122 cymam 1, 158 21 5212221211,112112.9,115-1
159. Δ2122212Χ22211212219,15522
41111211122 5, 55. 1, 123. Astsyntss 3, 1329, lm st 19
Aristolsidss Ath. 1, 59. 52121211221122111.5,45.
· Aristomachus flylli nepos 5, 52. 5212251222152521 1, 114-11
1, 224. 8, 121. 4112252221 Pssss 9, 122.
24211122 Byzantius 4, 113. Artemisia 1, 99.3,53,31, mo
Ariston [12212111 p. 5, 51 - Artemisium 4, 15. 1, 11521 1’
53 et 69 3, 9-1121 14-11.
Aristonico 112112121142.125222212221159.
Aristonymus Sicyonius 512552111221 fluv. 292.
52121221221211121212215, 55. 52122522115212212222115.
Aristophilidss 1222252221, 2421222121 11222221 p. 5,1’-
135. 1521522111. 9, 34.
52122211112122222221 1, 121. 5112222221 1125 21151. ,
Δ21221Ρ22111, 82. 1112121 222122211293.
Δ1222111,194.5,94.1,13. 5212121215, 155 sqq
Armenius monsl, 12. Asty 21221, 51.
12222213221124, 5215 Arsyp 121221, 55 2151
2121222221 1122222 1211211, 58 2421111222 cyrias, 22112.
Δ212221 Darii 1221 1, 229. 1, 422221121215521202.
1121224. 2222222221221122Λι.
51121222 1111111. 1, 59. Asby 1122 51211119.
2112122 mensura 2221121192. Ascalon urbs 1,125.
Artabanus 112111 12122233. 22212] 4,.25 ·
1,12,11,11,45-52,55,51,15. 311211,4,12,95,125,159,1
52251121121121, 55. 2, 11. 4,.31-42, 4545. 5, -
522522222111222121211221, 21,.51 2115.
215. 12121252211211221545.
Artabazus 1, 55. 8, 125 .- 129. Asius 121521 4, 45.
9, 41, 55, 29. 52122 Cotyis f. 4, 45.
Artace 22121 4, 14. 5, 33. Asine urbs 213.
522252222511221 1. 1, 2221 2212112 2221522 52212212 ι
111. 2421222122 p. 2, 122. 012- 1,194. iss Scythis 221114, ’
’2 22122154.2112212121122222211
“ · 2421222 2122 Parnes, 51 191. 222515221211192.
5212221 5211212221 ιι. 1, 22. 212221122521221252.
5222122155. 1122112521222121151.

Artanes 112221 frates 1, 224. 5122119. u.
*- .

 

